2
3
12
21
22
23
33
35
43
46
47
50
64
74
77
81
83
85
86
101
102
107
108
110
111
114
116
120
121
126
131
135
139
140
144
151
154
155
164
165
166
168
171
173
175
179
186
187
192
194
199
200
201
202
204
208
210
224
228
230
231
237
238
241
254
260
261
269
270
272
275
276
281
283
285
298
299
303
307
309
310
314
322
329
331
332
338
344
346
348
351
352
362
367
374
375
383
387
388
390
394
395
404
408
412
415
417
418
419
421
423
430
432
433
437
439
440
451
456
457
462
464
466
469
470
471
481
483
484
486
487
490
491
495
508
519
521
522
524
525
527
528
529
533
536
538
543
544
552
559
561
563
565
566
569
572
573
575
578
580
586
589
597
600
608
609
614
616
626
641
645
654
656
662
663
669
674
677
682
683
685
689
690
696
697
703
704
706
714
715
716
718
725
731
733
734
736
737
738
742
745
752
758
759
763
764
765
766
768
772
778
783
787
794
796
797
806
808
811
812
817
830
832
835
839
845
847
865
876
879
880
886
887
890
895
904
906
908
911
913
914
917
920
924
925
928
937
938
942
944
946
947
949
950
958
959
961
966
973
977
978
987
990
993
999
1001
1005
1006
1007
1014
1015
1018
1024
1029
1030
1043
1045
1048
1049
1050
1054
1055
1056
1059
1068
1071
1075
1080
1083
1085
1087
1092
1095
1096
1098
1105
1108
1112
1117
1120
1127
1131
1138
1139
1143
1145
1146
1148
1153
1164
1169
1172
1178
1181
1193
1195
1200
1203
1204
1217
1219
1222
1225
1226
1231
1234
1237
1241
1246
1257
1258
1261
1263
1264
1265
1267
1269
1271
1272
1273
1274
1275
1278
1279
1280
1281
1285
1288
1293
1294
1299
1300
1301
1304
1307
1310
1311
1318
1319
1321
1322
1327
1330
1332
1336
1342
1344
1346
1350
1354
1356
1359
1360
1365
1373
1375
1377
1379
1381
1382
1386
1387
1393
1396
1398
1399
1400
1403
1408
1413
1420
1425
1426
1432
1433
1442
1446
1449
1454
1459
1462
1467
1469
1470
1471
1474
1475
1492
1495
1497
1499
1502
1503
1509
1512
1514
1516
1518
1525
1527
1528
1533
1537
1550
1552
1562
1565
1568
1570
1571
1572
1579
1583
1586
1587
1591
1592
1595
1596
1597
1598
1603
1612
1615
1625
1637
1638
1645
1653
1655
1659
1669
1670
1671
1676
1681
1683
1684
1687
1692
1695
1709
1717
1718
1719
1721
1723
1725
1732
1734
1736
1737
1738
1739
1740
1746
1754
1755
1770
1772
1773
1777
1782
1787
1788
1793
1798
1799
1806
1809
1810
1812
1813
1816
1821
1826
1828
1831
1843
1849
1850
1859
1863
1867
1868
1873
1882
1888
1894
1896
1902
1905
1908
1910
1913
1923
1931
1935
1936
1939
1941
1942
1944
1949
1953
1954
1957
1958
1960
1967
1971
1983
1985
1987
1994
2002
2005
2008
2009
2010
2012
2014
2017
2020
2027
2028
2029
2032
2033
2038
2040
2044
2047
2050
2051
2053
2055
2056
2060
2062
2074
2077
2085
2087
2088
2090
2095
2098
2101
2111
2117
2119
2122
2126
2131
2136
2138
2139
2143
2148
2151
2152
2154
2155
2162
2168
2180
2181
2183
2184
2187
2190
2192
2196
2207
2217
2219
2220
2222
2223
2224
2225
2228
2237
2242
2244
2246
2248
2258
2259
2262
2263
2269
2271
2284
2290
2292
2293
2298
2299
2304
2311
2312
2313
2318
2320
2321
2324
2333
2337
2338
2346
2348
2372
2374
2384
2387
2390
2391
2398
2400
2405
2406
2419
2423
2424
2439
2447
2449
2452
2454
2457
2458
2459
2465
2470
2474
2483
2500
2506
2507
2514
2517
2527
2530
2531
2533
2536
2537
2538
2557
2558
2559
2560
2566
2567
2581
2584
2585
2592
2596
2597
2598
2600
2601
2604
2605
2618
2623
2625
2639
2657
2665
2674
2682
2688
2691
2698
2704
2705
2710
2716
2719
2721
2723
2725
2726
2728
2729
2732
2734
2741
2746
2747
2748
2753
2758
2761
2763
2767
2778
2788
2793
2795
2797
2802
2804
2827
2829
2830
2832
2836
2837
2839
2847
2849
2850
2852
2855
2858
2863
2864
2871
2873
2881
2882
2884
2885
2886
2887
2902
2905
2907
2919
2923
2932
2933
2935
2947
2953
2960
2962
2964
2966
2967
2968
2971
2975
2983
2985
2989
2990
2992
2995
2997
3003
3006
3007
3012
3015
3017
3020
3029
3034
3036
3037
3038
3039
3043
3051
3057
3062
3066
3071
3074
3077
3079
3081
3085
3087
3091
3093
3094
3098
3100
3104
3105
3109
3110
3111
3122
3123
3127
3128
3132
3133
3134
3135
3138
3140
3141
3144
3147
3148
3152
3156
3166
3168
3172
3173
3178
3180
3182
3187
3191
3196
3197
3200
3202
3206
3207
3210
3213
3214
3219
3222
3224
3230
3232
3237
3242
3243
3246
3247
3251
3252
3257
3258
3266
3267
3273
3275
3279
3286
3289
3290
3291
3293
3297
3299
3302
3306
3307
3310
3313
3317
3320
3324
3328
3335
3338
3339
3344
3345
3346
3348
3351
3353
3358
3359
3364
3372
3376
3391
3395
3402
3410
3411
3412
3414
3416
3420
3422
3434
3437
3441
3453
3457
3458
3460
3463
3466
3475
3477
3478
3481
3482
3483
3485
3490
3501
3502
3508
3511
3521
3524
3526
3535
3541
3544
3545
3548
3550
3551
3552
3559
3562
3563
3564
3566
3569
3573
3578
3579
3580
3584
3587
3588
3590
3593
3596
3598
3605
3606
3609
3614
3615
3617
3621
3623
3624
3632
3634
3635
3641
3644
3645
3646
3648
3655
3656
3660
3665
3670
3675
3677
3682
3683
3689
3693
3694
3696
3702
3703
3704
3707
3715
3717
3719
3731
3733
3749
3755
3756
3757
3758
3759
3764
3770
3782
3783
3788
3797
3801
3803
3804
3808
3809
3811
3814
3819
3820
3824
3829
3831
3835
3838
3840
3845
3856
3858
3859
3866
3883
3885
3892
3895
3899
3904
3908
3910
3911
3914
3920
3925
3927
3928
3929
3930
3933
3935
3939
3948
3955
3963
3979
3981
3986
3989
3991
3992
4011
4015
4017
4020
4030
4031
4032
4038
4048
4050
4051
4054
4062
4068
4074
4081
4082
4098
4106
4108
4110
4116
4119
4121
4123
4124
4126
4133
4136
4144
4145
4152
4155
4157
4161
4162
4164
4166
4185
4192
4199
4203
4207
4208
4213
4215
4216
4217
4220
4222
4223
4225
4227
4229
4237
4241
4244
4249
4250
4252
4257
4258
4260
4262
4263
4264
4265
4266
4267
4268
4270
4276
4277
4281
4288
4292
4294
4296
4306
4309
4315
4318
4319
4321
4323
4327
4332
4338
4339
4340
4347
4348
4349
4350
4351
4357
4358
4364
4368
4370
4386
4391
4394
4409
4414
4416
4421
4422
4425
4426
4435
4438
4440
4441
4446
4449
4451
4453
4454
4458
4462
4465
4466
4478
4496
4497
4501
4502
4504
4509
4510
4513
4514
4515
4529
4530
4532
4540
4541
4548
4549
4556
4563
4564
4566
4570
4573
4575
4580
4584
4586
4588
4589
4592
4593
4594
4596
4613
4614
4616
4617
4625
4626
4630
4633
4634
4635
4639
4643
4646
4664
4668
4681
4683
4688
4701
4703
4709
4711
4714
4718
4723
4727
4729
4737
4743
4745
4747
4755
4756
4758
4761
4764
4777
4778
4784
4787
4789
4793
4794
4795
4796
4802
4805
4806
4807
4809
4810
4812
4815
4816
4821
4823
4824
4826
4839
4842
4845
4848
4852
4861
4862
4877
4895
4897
4899
4901
4912
4914
4918
4921
4929
4935
4945
4947
4952
4954
4956
4957
4960
4961
4966
4968
4971
4976
4979
4980
4994
4999
5004
5007
5009
5012
5015
5019
5029
5030
5033
5036
5044
5048
5050
5059
5065
5067
5072
5074
5077
5081
5082
5084
5086
5092
5094
5098
5109
5110
5111
5116
5117
5119
5121
5124
5125
5131
5137
5151
5153
5162
5167
5168
5170
5171
5173
5175
5179
5180
5184
5189
5192
5198
5202
5213
5221
5222
5231
5232
5252
5253
5264
5273
5274
5291
5293
5297
5302
5304
5308
5312
5322
5324
5325
5330
5331
5335
5347
5349
5352
5353
5357
5359
5367
5371
5375
5382
5387
5388
5394
5396
5402
5404
5405
5408
5411
5413
5415
5417
5418
5422
5424
5425
5429
5431
5441
5449
5460
5462
5475
5477
5481
5484
5485
5486
5488
5489
5491
5493
5496
5498
5500
5504
5506
5507
5512
5519
5526
5531
5532
5533
5534
5540
5545
5547
5552
5558
5566
5570
5573
5574
5575
5577
5582
5583
5585
5596
5597
5600
5604
5610
5616
5619
5620
5621
5623
5626
5627
5634
5646
5653
5656
5662
5665
5670
5674
5675
5695
5708
5709
5712
5717
5719
5720
5723
5725
5727
5737
5739
5741
5744
5748
5760
5761
5763
5765
5766
5769
5772
5787
5790
5791
5794
5803
5807
5811
5812
5813
5818
5827
5835
5837
5839
5847
5848
5853
5860
5865
5866
5877
5881
5885
5887
5893
5894
5895
5899
5901
5908
5916
5919
5921
5922
5926
5948
5949
5952
5955
5963
5970
5971
5983
5989
5990
5996
5998
6002
6006
6012
6013
6014
6015
6018
6026
6038
6042
6049
6061
6062
6072
6081
6082
6088
6095
6096
6101
6106
6107
6110
6113
6120
6123
6124
6125
6126
6132
6137
6138
6139
6141
6146
6150
6154
6165
6167
6168
6171
6175
6178
6183
6185
6198
6201
6202
6210
6214
6215
6218
6219
6221
6223
6225
6228
6236
6238
6239
6247
6249
6250
6253
6255
6257
6260
6267
6268
6273
6275
6276
6285
6289
6290
6295
6298
6301
6304
6307
6308
6309
6310
6323
6324
6329
6332
6334
6337
6338
6339
6342
6343
6345
6356
6357
6360
6362
6365
6371
6377
6383
6384
6387
6391
6393
6394
6396
6399
6400
6404
6406
6408
6410
6415
6420
6427
6428
6430
6431
6441
6445
6449
6453
6456
6457
6458
6461
6462
6463
6465
6466
6469
6477
6482
6484
6487
6493
6497
6501
6513
6514
6518
6524
6529
6534
6535
6536
6540
6543
6545
6546
6547
6549
6550
6551
6569
6570
6574
6583
6584
6586
6588
6595
6598
6599
6602
6607
6609
6610
6613
6614
6615
6618
6621
6627
6631
6634
6648
6651
6660
6662
6664
6669
6675
6676
6682
6688
6693
6695
6703
6710
6721
6722
6725
6731
6734
6743
6744
6745
6747
6751
6755
6758
6771
6775
6776
6783
6785
6788
6793
6797
6799
6800
6801
6805
6814
6817
6820
6826
6827
6834
6838
6842
6844
6848
6854
6856
6861
6864
6869
6870
6878
6885
6893
6899
6904
6908
6914
6918
6922
6924
6928
6930
6932
6939
6940
6941
6942
6943
6949
6953
6958
6959
6964
6965
6969
6973
6980
6982
6983
6984
6986
6994
6997
7002
7011
7012
7020
7026
7032
7037
7041
7042
7043
7052
7053
7057
7060
7062
7064
7066
7067
7070
7074
7075
7076
7077
7078
7080
7081
7083
7084
7089
7090
7091
7092
7094
7097
7100
7112
7113
7116
7119
7125
7126
7133
7155
7158
7164
7167
7171
7175
7176
7180
7184
7193
7196
7197
7199
7205
7214
7216
7217
7226
7227
7228
7229
7232
7242
7245
7253
7255
7256
7261
7265
7267
7269
7271
7272
7274
7276
7279
7280
7282
7286
7288
7289
7291
7292
7294
7308
7309
7313
7318
7327
7331
7333
7336
7340
7344
7349
7356
7357
7360
7372
7375
7376
7381
7384
7386
7388
7393
7399
7407
7414
7428
7433
7443
7452
7456
7457
7459
7461
7468
7470
7472
7480
7482
7489
7491
7492
7495
7498
7501
7502
7511
7514
7517
7519
7524
7530
7540
7543
7546
7555
7556
7558
7559
7562
7567
7569
7573
7578
7581
7584
7587
7588
7592
7600
7601
7606
7607
7608
7621
7623
7625
7632
7639
7648
7653
7660
7666
7669
7672
7684
7687
7699
7704
7706
7712
7714
7716
7717
7719
7720
7722
7730
7731
7736
7742
7743
7748
7750
7757
7758
7760
7764
7768
7796
7810
7815
7816
7822
7823
7833
7834
7835
7836
7838
7844
7847
7849
7856
7858
7859
7861
7866
7870
7871
7872
7874
7876
7879
7881
7888
7889
7895
7898
7899
7900
7902
7904
7912
7916
7925
7928
7929
7935
7937
7939
7943
7944
7954
7955
7958
7965
7969
7970
7973
7989
7990
7993
8004
8009
8010
8013
8020
8029
8034
8035
8037
8038
8041
8044
8046
8047
8049
8050
8051
8052
8053
8056
8058
8059
8063
8070
8074
8078
8080
8082
8083
8086
8091
8095
8098
8100
8103
8110
8114
8115
8117
8119
8121
8126
8127
8130
8131
8133
8134
8137
8139
8140
8141
8147
8151
8152
8155
8157
8158
8165
8167
8171
8173
8176
8184
8187
8191
8196
8200
8203
8205
8212
8217
8218
8223
8227
8242
8244
8245
8250
8255
8258
8262
8264
8265
8275
8278
8279
8283
8286
8290
8294
8295
8307
8310
8311
8312
8324
8326
8330
8333
8336
8338
8339
8340
8352
8355
8363
8365
8366
8371
8373
8375
8379
8381
8383
8386
8392
8405
8406
8417
8419
8422
8423
8424
8429
8432
8433
8434
8436
8438
8440
8447
8455
8460
8461
8468
8470
8471
8473
8478
8481
8484
8493
8508
8509
8520
8523
8530
8531
8535
8536
8537
8541
8543
8544
8547
8549
8551
8557
8561
8564
8569
8578
8579
8580
8582
8585
8590
8594
8597
8599
8601
8610
8611
8615
8617
8620
8626
8631
8642
8645
8646
8647
8654
8655
8660
8663
8666
8670
8671
8676
8679
8684
8689
8690
8693
8696
8700
8723
8724
8725
8729
8730
8733
8734
8738
8741
8743
8744
8747
8748
8749
8759
8762
8763
8764
8766
8768
8772
8774
8775
8778
8783
8784
8789
8794
8795
8801
8802
8803
8809
8813
8819
8823
8825
8828
8832
8835
8838
8842
8846
8847
8849
8851
8855
8856
8862
8864
8865
8869
8873
8876
8889
8890
8891
8892
8899
8901
8903
8906
8911
8913
8914
8928
8934
8937
8939
8942
8944
8961
8963
8964
8965
8968
8970
8975
8982
8988
8989
8990
8992
8994
8996
8997
9001
9005
9008
9010
9012
9017
9030
9032
9033
9041
9043
9045
9049
9057
9062
9063
9071
9072
9073
9076
9079
9080
9085
9093
9098
9099
9102
9104
9109
9113
9123
9127
9140
9145
9146
9149
9151
9153
9155
9176
9179
9181
9184
9189
9192
9198
9213
9214
9216
9226
9235
9236
9237
9239
9244
9246
9247
9249
9250
9259
9260
9268
9270
9273
9276
9278
9280
9281
9282
9286
9288
9291
9295
9296
9299
9301
9309
9316
9324
9325
9331
9333
9336
9338
9339
9340
9346
9354
9359
9360
9361
9362
9364
9368
9371
9372
9373
9378
9379
9384
9394
9403
9409
9411
9418
9424
9425
9430
9436
9438
9441
9443
9448
9451
9454
9458
9462
9469
9472
9473
9477
9478
9480
9486
9488
9490
9495
9496
9497
9498
9514
9516
9518
9519
9521
9523
9527
9528
9534
9536
9538
9543
9545
9546
9550
9558
9562
9563
9567
9570
9576
9577
9582
9585
9589
9592
9594
9602
9604
9619
9620
9624
9627
9628
9631
9632
9636
9644
9645
9647
9648
9649
9652
9654
9656
9658
9661
9665
9667
9683
9687
9688
9690
9697
9699
9705
9706
9711
9717
9720
9721
9722
9725
9726
9732
9733
9737
9740
9741
9748
9750
9754
9755
9763
9765
9771
9772
9775
9776
9777
9779
9785
9786
9789
9796
9801
9802
9805
9809
9810
9816
9821
9826
9827
9828
9838
9839
9840
9842
9844
9847
9855
9862
9865
9876
9879
9881
9884
9887
9888
9892
9895
9902
9903
9904
9908
9910
9924
9927
9932
9934
9938
9947
9953
9957
9963
9964
9966
9970
9971
9974
9977
9979
9982
9990
9991
9995
